$ANSIBLE_VAULT;1.1;AES256
30623563353365363964336332393730306263643362396466376162666639663433323530376463
3939396637356362643837313561326236306333653864620a373735383139306432376436613436
64386236623064663464343037636631346637323464323233386632323136333834343130326637
6632353161616631340a663063613766396131376330333831366138363739646436396130383132
66623434346235353439333662633534363030623432626136363834666234323238343230666635
32616634633965323362613634633132626461343463333639653139353162663439393836333262
32383963353336326631343866333433343034383434343562656535653639626332303430623562
35363938326239303264613832383532353765663038333432356538326465326232343530323165
63366566383435623263663361303838653734386536663737373732616230313234323065613130
36303734383765643765336435323935373035333336643031303838616534386366343964393065
65303630343532313533373831323136343136646631343633353335393336333130633332326138
36326432306433333264613835353662616365656632383464313735333039336436386339326462
35383130616433653235336235333533626339333363623564373838646533623131393932623662
6536343632333262616463623462313632346333356232666462
